[header]
width=25
height=25
tilewidth=67
tileheight=34
orientation=isometric
background_color=0,0,0,255

[tilesets]
tileset=Sprites/WorldTiles.png,70,50,0,0

[layer]
type=layer
data=
2,2,2,3,3,3,3,3,3,3,3,3,3,3,3,3,3,3,3,3,3,3,3,3,3,
2,1,2,3,3,3,3,2,2,2,3,3,3,3,2,2,2,3,3,3,3,3,2,2,2,
2,2,2,3,2,2,2,2,1,2,2,2,2,2,2,1,2,2,2,2,2,2,2,1,2,
3,3,2,2,2,3,3,2,2,2,3,3,3,3,2,2,2,3,3,3,3,3,2,2,2,
2,2,2,2,2,3,3,3,2,3,3,3,3,3,3,2,3,3,3,3,3,3,3,3,3,
2,3,3,3,3,3,3,3,2,2,3,3,3,3,3,2,3,3,3,3,3,3,3,3,3,
2,3,3,3,3,3,3,3,2,2,2,3,3,3,3,2,3,3,3,3,3,3,3,3,3,
2,3,3,3,3,3,3,3,3,3,2,2,3,3,3,2,3,3,3,3,3,3,3,3,3,
2,3,3,3,3,3,3,3,3,3,3,2,2,3,3,2,3,3,3,3,3,2,2,2,2,
2,2,3,3,3,3,3,3,3,3,3,3,2,2,3,2,3,3,3,3,3,2,1,1,2,
0,2,2,2,3,3,3,3,3,3,3,3,3,2,2,2,2,3,3,3,3,2,1,1,2,
0,2,1,2,2,2,2,2,2,1,3,3,3,3,2,1,2,2,2,2,2,2,2,2,2,
0,2,2,2,3,3,3,3,3,3,3,3,3,2,2,2,2,3,3,3,3,2,2,3,3,
2,2,3,3,3,3,3,3,3,3,3,3,2,2,3,2,3,3,3,3,3,2,2,3,3,
2,3,3,3,3,3,3,3,3,3,3,2,2,3,3,2,3,3,3,3,3,2,2,3,3,
2,3,3,3,3,3,3,3,3,3,2,2,3,3,3,2,3,3,3,3,3,2,2,3,3,
2,3,3,3,3,3,3,0,0,2,2,3,3,3,3,2,3,3,3,3,3,2,2,3,3,
2,3,3,3,3,3,3,3,2,2,3,3,3,3,3,2,3,3,3,3,3,2,2,3,3,
2,3,3,3,3,3,3,3,2,2,3,3,3,3,3,2,3,3,3,3,3,2,2,3,3,
2,3,3,3,3,3,3,3,2,3,3,3,3,3,3,2,3,3,3,3,3,2,2,3,3,
2,2,2,2,2,3,3,3,2,3,3,3,3,3,3,2,3,3,3,3,1,2,2,2,1,
0,0,2,2,2,3,3,2,2,2,3,3,3,3,2,2,2,3,3,3,2,2,1,2,2,
2,2,2,3,2,2,2,2,1,2,2,2,2,2,2,1,2,3,3,3,2,1,1,1,2,
2,1,2,3,3,3,3,2,2,2,3,3,3,3,2,2,2,3,3,3,2,2,1,2,2,
2,2,2,3,3,3,3,3,3,3,3,3,3,3,3,3,3,3,3,3,1,2,2,2,1

[ObjectsLayer]
type=Player2
location=23,22,1,0

[ObjectsLayer]
type=Enemy
location=16,22,1,0

[ObjectsLayer]
type=Enemy
location=9,22,1,0

[ObjectsLayer]
type=Enemy
location=2,23,1,0

[ObjectsLayer]
# Player
type=Player1
location=24,10,1,0

[ObjectsLayer]
type=Enemy
location=16,11,1,0

[ObjectsLayer]
type=Enemy
location=10,11,1,0

[ObjectsLayer]
type=Enemy
location=3,11,1,0

[ObjectsLayer]
type=Enemy
location=24,2,0,0

[ObjectsLayer]
type=Enemy
location=16,2,1,0

[ObjectsLayer]
type=Enemy
location=9,2,1,0

[ObjectsLayer]
type=Enemy
location=2,1,1,1

